Mean: [0.59536427 0.29253272 0.09313274]
Std: [0.11152015 0.05985503 0.02048913]

Mean: [151.81788834  74.5958448   23.74884842]
Std: [28.43763701 15.26303392  5.22472751]