Mean: [0.51612229 0.29958062 0.14960576]
Std: [0.21187044 0.12942735 0.04496038]